 国民健康保険の被保険者一人当たり所得額の推移（平成20年度以降）




（千円）                                  国保被保険者一人当たり所得額
1,200


1,150
                                                                                           1,143

1,100 1,078
                                                                                   1,056
1,050 1,075                                                                1,017
                                                                                   1,054   1,039
                                                                                                   15～64歳
1,000
                     970                  974                974                                   65～69歳
                                973
                                                       942                                 968
                                                                            976                    70～74歳
 950
                                                                     942           937
                          918
                                             930941
 900
              893                 905        890

 850                                                                       852
                                                      841          847
                    828           820
 800
        平成20年度 平成22年度 平成24年度 平成26年度 平成28年度 平成30年度 令和２年度 令和４年度 令和６年度


                                                                               出典：厚生労働省 国民健康保険実態調査          64
                                      （注） 「所得」とは、収入から必要経費、給与所得控除、公的年金等控除等を差し引く等して得られた所得（基礎控除前）をいう。
