  国保保険者（市町村）による予防・健康づくり、保険料収納の取組
国保保険者（市町村）による予防・健康づくりや保険料収納の取組状況には差異があることから、保険者機能の強化を図るため、平成30年
国保制度改革に基づき、予防・健康インセンティブの強化等を行う保険者努力支援制度が本格実施された。

      特定健診実施率別市町村数                       特定保健指導実施率別市町村数                      国保保険料（税）収納率別市町村数
         （2023年度）                            （2023年度）                            （2024年現年分）
800                                600                                 700


700
                 682                                                                                583
                                               493                     600
                                   500                                                        542
600        564
                                         397                           500
                                                     390
                                   400
500
                                                           326         400
400                                300
                                                                                                          292
                       311                                             300
300
                                   200                                                  214
                                                                       200
200                                                              131

                             100   100
100   81                                                               100
                                                                                   53
                                                                              31
  0                                 0                                   0




                                                                       ※国保保険料（税）収納率別市町村数については、一般被保険
資料出所：厚生労働省「2023年度特定健康診査・特定保健指導の実施状況（保険者別）」、「国民健康保険事業状況報告」               者及び退職被保険者等分の2024年の現年分のデータ。また、広     79
                                                                        域連合単位の場合がある。
